{
  "catboost": {
    "learning_rate": 0.062464179851267024,
    "depth": 5,
    "l2_leaf_reg": 2.2637606510801906,
    "random_strength": 1.6323415045159653,
    "rsm": 0.7415415569975424,
    "border_count": 149,
    "leaf_estimation_iterations": 3,
    "leaf_estimation_method": "Gradient",
    "bootstrap_type": "Bayesian",
    "bagging_temperature": 0.09637500273284247,
    "grow_policy": "Depthwise",
    "min_data_in_leaf": 1,
    "iterations": 342
  },
  "voting": {
    "xgb_n_estimators": 1474,
    "xgb_learning_rate": 0.025099813031353408,
    "xgb_max_depth": 6,
    "xgb_min_child_weight": 12,
    "xgb_gamma": 0.16405974657973155,
    "xgb_subsample": 0.7139424512603495,
    "xgb_colsample_bytree": 0.6797564888883734,
    "xgb_reg_alpha": 1.9491619354045384,
    "xgb_reg_lambda": 4.138878435813889,
    "xgb_max_bin": 309,
    "xgb_grow_policy": "lossguide",
    "gb_n_estimators": 776,
    "gb_learning_rate": 0.171865169604279,
    "gb_loss": "huber",
    "gb_max_depth": 2,
    "gb_min_samples_split": 5,
    "gb_min_samples_leaf": 8,
    "gb_max_features": null,
    "gb_subsample": 0.8348430267996356,
    "bag_n_estimators": 14,
    "bag_max_samples": 0.903313324307487,
    "bag_max_features": 0.6449638350616795,
    "bag_bootstrap": false,
    "bag_bootstrap_features": false,
    "gb_validation_fraction": 0.15,
    "gb_n_iter_no_change": 15,
    "gb_tol": 0.0001,
    "w_xgb": 0.0
  }
}